59630
52443
50578
50121
48408
61527
50185
67838
56985
32780
54511
66600
58467
59294
64312
62960
61558
57428
67625
58831
63551
61649
59519
63679
61385
53904
58221
44889
65529
64358
49607
29938
50036
55716
63527
40807
47358
53981
67511
66359
67937
56687
43309
28132
50097
64047
68919
60192
56926
42619
65559
60950
58134
56882
64890
36507
53678
64474
63628
53706
56977
57214
61466
47937
44589
60053
60162
40960
67318
53825
67535
53098
53386
59545
53477
47991
66423
61186
68586
62992
41487
52650
65654
62260
53485
50917
40816
54029
58629
59242
57341
64521
64730
45148
63431
57553
48884
63432
57443
50823
50649
51255
62354
57392
67508
63966
57259
64529
56454
66719
65809
60817
62697
68593
60812
64891
64897
66622
59314
60863
61460
66006
48214
64950
68787
56748
61390
61355
67687
42838
62290
60618
49669
60168
54859
61613
33072
63386
68353
58157
50041
64492
57618
33788
63933
66222
44089
57415
64924
62582
66482
64669
53989
60889
60940
61785
52904
68852
67518
61998
52079
27249
60529
55479
54559
65446
65684
62990
60520
59419
63443
63037
46311
58064
55164
49993
66806
56913
58063
60090
64258
58860
65794
64355
53257
46957
68553
66474
53403
66546
63829
62865
56766
68876
58626
61772
65796
68983
51887
53543
66791
22692
57856
63579
67305
49816
46121
56779
45826
59503
61798
53847
61657
64450
59789
54853
53692
64729
64247
51486
65007
52964
64706
60962
59262
67953
60014
64289
62406
67314
68829
67845
60345
56394
57361
60116
63489
55088
53780
39000
63036
57807
49606
68766
66620
62505
60856
65780
64726
58631
63954
61463
65581
58928
46228
58364
59985
67684
59699
61132
60550
52624
66413
57197
64728
64699
63401
64775
57661
53031
66398
66688
65228
46034
51592
67197
65426
51053
59611
63368
67544
63199
54965
41368
58624
63423
61834
68971
47563
56315
31312
52447
64733
66077
64732
60080
56774
55744
48956
44662
60666
64354
67057
64062
55257
60853
49201
46078
50663
61659
62051
64356
56255
67261
64138
53001
67436
43718
62741
62825
64831
68952
28967
68350
41296
58434
65687
44503
68488
56803
67047
56927
67482
63782
64828
57670
57671
62873
66397
56912
63754
51071
59452
52784
55794
52509
57271
62264
57074
67113
57310
47151
58218
67357
61491
61311
55665
55061
49700
55031
54555
61689
53148
59292
63419
51022
55400
55198
51257
67523
57109
63295
66933
58009
63260
66344
61085
65795
52844
38620
31316
65444
53091
68970
62833
45750
63317
56651
50518
61809
59389
49767
47327
64217
47966
45969
41485
58905
57306
58396
59795
56983
52653
41350
58192
68735
68848
61191
62942
57601
66750
62668
61372
64765
65083
67702
64350
55787
60892
59751
58480
50358
67275
43770
66558
64006
62126
17992
63391
63845
29215
56866
66411
46553
55156
61456
63937
27457
49464
65884
57827
63993
63150
63176
56842
57224
57457
58081
52851
63783
57285
67439
61010
59803
57877
58732
62711
60010
63658
57302
50032
50475
56471
56554
64446
67337
67387
66115
63523
64585
66020
49830
48454
57554
53742
68842
40652
68277
57614
62976
68598
68342
65245
57506
58943
50218
66326
60949
59210
65498
66025
60970
61090
65314
52340
58961
52282
57646
66722
67502
22466
38021
60333
43304
67711
43661
59769
67534
44954
45225
67007
45593
60641
45945
59538
67343
65229
59509
67308
67266
62854
61373
64119
55868
63214
64510
63289
57030
63426
64324
64139
64725
58336
63487
56291
56470
56565
56574
61529
54755
63102
63008
65166
57708
58710
62658
53908
57500
57417
56701
58693
61469
64839
63393
63124
62857
67427
62368
68901
63528
67448
67822
63318
67425
62648
67749
60549
60600
65167
63562
60745
61382
65233
65076
64845
65504
65539
61240
61229
65907
64833
64724
66024
64573
64536
66145
66155
66312
64424
66332
64382
64353
65195
67248
63984
61995
64525
61088
57351
46990
54260
37878
43915
53185
56829
56560
58559
56770
46268
48210
53966
57357
47257
52541
53215
41645
57337
59357
58393
58424
59228
56316
34831
50878
55601
54346
50337
57625
57236
53124
49889
46043
57641
54674
57414
53153
54613
55477
46063
54341
33830
58700
45207
49124
49404
53556
63649
57235
56541
63728
56577
61593
47326
58517
51153
63568
61411
62572
58638
65425
53033
66532
57099
62346
57075
66431
66674
65520
63324
52946
61902
58217
57152
48576
63301
66857
57154
66961
61783
61767
67078
57167
58783
50777
62403
50792
47817
61651
58765
63166
56532
60829
53872
64832
55877
52240
68230
68273
64153
64160
55699
52246
64261
68482
54261
55646
60422
52440
33272
55533
57654
54569
68877
54682
57434
54739
64552
68968
60042
67399
53658
63961
56355
65292
56500
56479
58918
45203
65731
44354
56421
65183
56389
41955
59037
63334
61043
60990
64944
53578
65063
66153
57288
61025
52575
63341
65631
52677
52740
52808
57504
57325
63270
52563
14704
65544
64143
63985
63996
64960
53597
64921
64079
64101
64846
64257
65218
55628
64352
55521
64360
55165
55012
54817
64486
65217
63879
65543
65474
52903
57054
56961
52953
63429
65497
65475
63507
65473
53176
53006
56710
65406
63710
63716
52305
65294
65268
62951
59913
62934
67092
43428
43458
61109
67563
59025
44665
61200
45609
61252
45689
45923
45988
61365
61369
58789
67398
67380
61488
67356
46219
61581
61592
61638
67175
61715
67710
60984
59171
59670
60060
60064
68941
68926
60100
30290
59864
60234
60258
68760
68621
60552
59311
60595
68347
60604
38912
60736
67995
60757
60771
67951
41687
41986
67147
58881
62170
66372
62615
62641
52029
50666
62376
50741
57712
49749
62606
62591
48834
57628
50345
61827
66480
57735
66930
66683
66201
54984
65745
54255
68300
54149
64829
64731
52610
68013
66206
67977
66250
40525
34721
48438
68600
28966
54975
54909
52341
66016
54742
65877
64601
66018
64603
54691
52247
54315
68885
68878
68873
65798
66131
31147
32359
68706
66283
54327
53734
65607
67890
53629
66565
52276
65526
65518
66720
65307
46107
65512
47019
53049
65380
65382
65507
48896
67235
65420
65428
67214
66786
65491
67104
65287
50271
65243
50647
65633
67837
66338
48393
67767
67755
42680
65091
65603
50471
65540
65569
67562
43759
65214
50453
66495
53165
66498
65240
66140
59957
64501
61142
63320
61319
61246
63346
58935
63361
58980
57071
63421
56958
61177
62123
56760
63232
16980
63553
56602
63578
59122
59146
56486
59444
63812
63822
63848
59532
58880
58703
63982
61733
62235
58050
62350
62352
57916
61910
57860
58240
62530
58274
62589
61749
61725
57249
57675
61719
61668
62739
57645
61576
57437
63111
63125
63148
63158
58633
63953
56888
58109
59903
64094
60148
59879
60490
64016
64129
56220
64461
60154
64431
55719
59798
64480
60591
60183
64302
64277
60648
59615
64347
60639
59815
64064
55317
61608
67299
68909
67247
58554
61596
68886
67107
67239
67112
47913
58503
47205
67272
47428
48037
67161
58276
59824
30373
66968
61750
66670
26796
66715
66714
58215
58139
62011
49535
68910
62015
25654
22893
66602
58127
66599
61969
61944
68949
66739
61907
66758
61830
61828
48573
59901
66886
59892
58245
61796
58249
46306
67035
61555
68080
61531
67599
67672
43442
35058
59096
35545
43405
59120
43343
59666
59125
68373
67781
67803
67818
59324
36656
59331
59657
38543
59524
67858
59642
60815
60814
60789
67961
60762
59536
59576
67616
59691
59802
67580
58560
31150
67338
68016
31640
31770
60340
58742
58754
61391
58903
61347
60374
60378
67441
45449
68730
60434
58938
68699
58995
44056
44049
60493
43920
61156
33948
59776
61112
61501
64509
66559
65194
56473
63855
63880
63892
63912
65205
56466
53205
65247
65164
65138
65132
65128
65127
56347
53328
63832
63785
65064
65389
63517
56716
63542
65430
56630
53048
65416
63606
63777
56573
65363
65347
63631
65311
63709
63736
53520
63995
66549
64610
55310
64714
64417
64682
64433
64654
64632
55033
55535
64452
55001
64475
54816
64526
54986
64495
55395
64326
65056
64118
65048
64003
64005
56148
56057
64902
64083
56055
64265
53997
56043
54090
64198
54226
55659
64758
56833
56837
56953
62643
66320
66307
66291
62559
57781
51551
66211
66172
62444
66157
51581
62644
51926
57737
66138
57665
50991
57866
63424
66442
62161
62183
66493
50342
58011
57917
66445
66430
64502
66426
62357
57904
62380
62382
66367
62402
66113
66111
66084
65546
63310
65596
57102
65579
52868
65550
65547
65545
52130
63352
63377
52927
63395
56975
65517
65505
57189
63218
65657
63171
66075
57656
62771
62802
57613
57552
65879
57404
63025
65799
63038
52448
63078
65775
63154
66345
